99
307
224
370
291
14
106
497
471
453
377
472
283
466
173
38
415
412
443
303
206
366
500
115
258
452
461
44
230
113
190
206
252
306
453
187
233
323
425
417
433
410
484
367
390
156
461
445
466
111
499
72
231
494
371
382
432
338
91
90
438
183
174
135
157
115
143
244
142
372
202
225
460
80
133
156
438
247
107
100
216
123
69
114
58
458
39
487
106
280
65
450
472
231
341
490
74
388
111
20
466
416
247
439
479
466
264
242
333
200
330
399
271
484
440
195
75
258
398
415
355
174
187
309
14
472
345
271
287
66
46
452
319
18
297
192
181
190
7
31
482
178
115
279
15
398
364
156
289
313
334
123
246
72
212
450
245
423
245
261
282
484
234
457
12
125
100
348
228
491
89
342
439
398
325
480
47
380
10
165
408
394
463
311
378
376
74
431
331
474
297
283
63
2
203
360
302
27
23
141
72
223
371
400
109
57
385
66
34
397
106
487
449
406
450
477
450
211
480
417
69
7
129
49
484
193
379
358
175
454
262
260
384
306
95
75
31
164
233
264
8
358
284
195
281
168
3
491
237
245
431
498
231
353
286
73
77
333
474
423
103
400
142
159
202
21
439
23
274
186
195
447
403
35
269
432
38
293
418
174
466
137
117
48
109
179
132
126
496
306
451
490
433
109
201
190
68
252
304
41
91
301
262
402
448
467
11
216
98
387
11
346
70
423
384
79
238
85
128
333
470
445
361
376
464
257
99
264
123
412
312
438
35
466
261
4
136
247
57
284
276
471
497
267
176
456
113
318
392
452
157
77
31
348
128
146
111
13
339
250
16
277
340
351
214
260
310
198
64
215
303
474
140
452
95
251
354
412
116
146
495
319
379
322
456
121
410
106
216
113
156
39
158
237
285
317
57
254
424
268
469
201
346
494
435
38
298
233
179
45
486
103
24
413
387
495
487
416
283
118
296
77
436
213
154
429
214
201
271
257
262
55
32
257
13
179
450
341
330
426
92
35
402
460
406
371
223
494
443
317
399
170
186
338
476
62
20
459
269
82
32
390
264
413
365
133
71
401
247
261
171
480
196
395
463
433
276
330
461
482
69
434
127
154
110
185
417
305
403
280
345
324
390
106
231
161
193
277
471
100
